# eV       nm           cm^-1         oscillator strength
1.78019592 696.94637685 14358.24856161 0.00013103
4.36627471 284.15552899 35216.38079174 0.00123633
5.63007260 220.37035543 45409.59827923 0.12027498
6.86328058 180.77376915 55356.09153859 0.01093614
10.96056912 113.19677717 88402.95247505 0.00001793
11.08624364 111.91356965 89416.58588679 0.00071519
11.14107083 111.36282314 89858.79695640 0.00186116
11.44658612 108.39049188 92322.94400875 0.03216912
13.04900918 95.08010016 105247.35771573 0.00623259
13.05287635 95.05193085 105278.54851370 0.00101268
