# eV       nm           cm^-1         oscillator strength
3.82830377 324.08637736 30877.35249592 0.00000000
8.45004826 146.82769403 68154.23601916 0.14223782
8.74831010 141.82180161 70559.88007128 0.00560312
9.43236068 131.53664734 76077.12006418 0.00377734
10.04881749 123.46737331 81049.17959234 0.00000000
11.03618182 112.42122681 89012.81009484 0.00584464
11.11825733 111.59132791 89674.79373419 0.40622501
11.83038896 104.87407511 95418.52266254 0.00090396
13.32050668 93.14218518 107437.13274493 0.06153913
13.48012317 92.03929999 108724.52652206 0.00000000
13.82619431 89.73554631 111515.77857813 0.35360552
14.24302986 87.10935189 114877.78402339 0.22650621
14.59352031 85.01725930 117704.68015014 0.20000489
14.90991819 83.21313932 120256.60123538 0.09061246
16.19884469 76.59194984 130652.49459875 0.14684460
16.43967788 75.46991548 132594.94527790 0.09935105
17.22090509 72.04621902 138895.96773694 0.15383367
17.96167157 69.07492407 144870.65237744 0.01349269
18.35158112 67.60731359 148015.48503216 0.00000000
18.54198394 66.91307164 149551.18734910 0.15960270
