# eV       nm           cm^-1         oscillator strength
7.45760138 166.36731257 60149.61207557 0.00000000
7.45760138 166.36731257 60149.61207567 0.00000000
7.45760138 166.36731257 60149.61207578 0.00000000
8.74914517 141.80826542 70566.61530237 0.00000000
8.74914517 141.80826542 70566.61530238 0.00000000
10.61369031 116.89629753 85605.18617223 0.16351967
11.43833406 108.46868900 92256.38666050 0.00000936
11.43833406 108.46868900 92256.38666053 0.00000936
14.54137526 85.32212926 117284.10201588 0.00000000
14.54137526 85.32212926 117284.10201588 0.00000000
14.73471643 84.20257733 118843.50372611 0.15233262
14.73471643 84.20257733 118843.50372611 0.15233262
15.83886515 78.33270176 127749.06378224 0.00000000
15.83886515 78.33270176 127749.06378225 0.00000000
15.83886515 78.33270176 127749.06378225 0.00000000
15.93317497 77.86904381 128509.72380123 0.05455115
17.22125851 72.04474048 138898.81823240 0.00000000
17.22125851 72.04474048 138898.81823241 0.00000000
17.41833299 71.22961196 140488.33115297 0.00000000
17.41833299 71.22961196 140488.33115298 0.00000000
