 Excited State     1   1    1.7029 
             10 -> 11              -0.72000
             10 -> 14              -0.17456
             10 <- 11               0.22561

 Excited State     2   1    2.5523 
             10 -> 12              -0.69790
             10 -> 14              -0.11527
             10 <- 12               0.07403

 Excited State     3   1    2.9646 
             10 -> 13               0.70787
             10 <- 13              -0.08844

 Excited State     4   1    3.7594 
             10 -> 11               0.20221
             10 -> 12               0.12119
             10 -> 14              -0.67688
             10 <- 11              -0.11114
             10 <- 14               0.05643

 Excited State     5   1    5.8409 
              9 -> 11              -0.15865
             10 -> 15               0.68457

 Excited State     6   1    6.0386 
              9 -> 11              -0.68607
             10 -> 15              -0.15756

 Excited State     7   1    6.2652 
              9 -> 13              -0.06034
             10 -> 16               0.69996

 Excited State     8   1    7.3798 
              9 -> 12              -0.69850
              9 -> 14              -0.07964

 Excited State     9   1    7.7960 
              8 -> 11              -0.29396
              8 -> 12              -0.05568
              9 -> 13               0.61360
             10 -> 17              -0.17153

 Excited State    10   1    7.8492 
              8 -> 11               0.63803
              9 -> 13               0.27926
             10 -> 17              -0.07645

