# eV       nm           cm^-1         oscillator strength
3.29523699 376.51346569 26577.87894655 0.44426217
4.02554283 308.20715456 32468.19278749 0.00000000
4.31112512 287.79055737 34771.56931223 0.00268881
4.53286964 273.71206283 36560.05953590 0.00000000
4.94849791 250.72276949 39912.32760127 0.00000000
4.95099198 250.59646742 39932.44364496 0.00000000
5.17694223 239.65905845 41754.85532476 0.00000000
5.18221817 239.41506495 41797.40867534 0.00000000
5.66452222 219.03014090 45687.45320466 0.79502818
5.93199325 209.15416577 47844.75258248 0.00001457
6.23566346 198.96857932 50294.01801704 0.00000000
6.32354720 196.20334311 51002.84813868 0.00000008
6.33588750 195.82120113 51102.37939198 0.30947995
6.60043869 187.97252089 53236.12869465 0.06636513
6.63025871 187.12710237 53476.64334252 0.00000000
6.69539637 185.30659443 54002.01403328 0.00000046
6.80828476 182.23401977 54912.52031613 0.57198307
6.89975828 179.81805303 55650.30398358 0.00000000
6.94873889 178.55054277 56045.35924426 0.11995483
6.99405746 177.39360969 56410.87821964 0.00017166
