# eV       nm           cm^-1         oscillator strength
1.79776524 690.13521404 14499.95466012 0.22001354
2.33867624 530.51426287 18862.69609187 0.00000000
2.58202173 480.51536011 20825.40984885 0.00124090
2.93274826 423.05066509 23654.21009495 0.00000000
3.27057266 379.35286202 26378.94771519 0.00000000
3.46274398 358.29998060 27928.91391183 0.00000000
3.71267848 334.17951689 29944.77161838 0.00000000
3.82591189 324.28898907 30858.06071177 0.00000000
4.16612153 297.80722702 33602.03650203 0.76797080
4.21696097 294.21687996 34012.08426386 0.00009772
4.57851981 270.98301447 36928.25298425 0.28538271
4.60379535 269.49527615 37132.11398669 0.00000000
4.71610391 263.07755778 38037.94362853 0.00000000
4.78721925 259.16947482 38611.52753326 0.00000000
4.81082200 257.89794323 38801.89654768 0.00000000
5.13810077 241.47076050 41441.57782220 0.15506473
5.14050857 241.35765616 41460.99805544 0.03020235
5.20232755 238.48961584 41959.60179494 0.00814805
5.34156460 232.27297499 43082.62428505 0.10940160
5.36551884 231.23599735 43275.82827710 0.38240068
