# eV       nm           cm^-1         oscillator strength
3.29523133 376.51411286 26577.83326363 0.44439252
4.02554159 308.20724910 32468.18282827 0.00000000
4.31112454 287.79059610 34771.56463278 0.00269416
4.53286833 273.71214182 36560.04898542 0.00000000
4.94849185 250.72307641 39912.27874216 0.00000000
4.95099051 250.59654182 39932.43178912 0.00000000
5.17694185 239.65907592 41754.85228181 0.00000000
5.18221649 239.41514244 41797.39514819 0.00000000
5.66452179 219.03015752 45687.44973883 0.79502968
5.93198594 209.15442347 47844.69363405 0.00001432
6.23564432 198.96919020 50293.86360205 0.00000000
6.32352941 196.20389503 51002.70466761 0.00000008
6.33588721 195.82120998 51102.37708134 0.30943709
6.40182661 193.80423355 51634.21422486 0.00000000
6.60043866 187.97252171 53236.12846028 0.06636752
6.63025529 187.12719897 53476.61573566 0.00000000
6.69539691 185.30657940 54002.01841417 0.00000045
6.80827988 182.23415042 54912.48094773 0.57209291
6.89974649 179.81836038 55650.20886532 0.00000000
6.94873628 178.55060990 56045.33817306 0.11990419
