# eV       nm           cm^-1         oscillator strength
3.29523118 376.51412940 26577.83209549 0.49022761
4.02554141 308.20726265 32468.18140123 0.00000000
4.31112435 287.79060875 34771.56310449 0.00233798
4.53286813 273.71215385 36560.04737856 0.00000000
4.94849163 250.72308743 39912.27698796 0.00000000
4.95099029 250.59655284 39932.43003398 0.00000000
5.17694162 239.65908645 41754.85044660 0.00000000
5.18221627 239.41515296 41797.39331110 0.00000000
5.66452154 219.03016714 45687.44773078 0.88129425
5.93198568 209.15443266 47844.69153117 0.00001332
6.23564404 198.96919894 50293.86139151 0.00000000
6.32352913 196.20390365 51002.70242593 0.00000008
6.33588693 195.82121859 51102.37483533 0.32436104
6.40182633 193.80424207 51634.21195542 0.00000000
6.60043837 187.97252997 53236.12612044 0.06589418
6.63025499 187.12720719 53476.61338523 0.00000000
6.69539662 185.30658754 54002.01604066 0.00000046
6.80827958 182.23415843 54912.47853422 0.61105180
6.89974618 179.81836828 55650.20641938 0.00000000
6.94873597 178.55061775 56045.33570976 0.12655585
