 Excited State     1   1    6.8132 
              9 -> 10              -0.69783
              9 -> 11               0.09665

 Excited State     2   1    8.4846 
              9 -> 10              -0.09871
              9 -> 11              -0.69589

 Excited State     3   1    8.7278 
              8 -> 10              -0.70196

 Excited State     4   1    9.5651 
              9 -> 12              -0.63582
              9 -> 14              -0.29823

 Excited State     5   1    9.8849 
              8 -> 11               0.25092
              8 -> 12               0.06987
              9 -> 13               0.65431

 Excited State     6   1    9.9501 
              8 -> 13              -0.05045
              9 -> 12              -0.30240
              9 -> 14               0.63201

 Excited State     7   1    10.1217 
              7 -> 10              -0.06919
              8 -> 11               0.64854
              9 -> 13              -0.24806
              9 -> 16               0.05051

 Excited State     8   1    11.1917 
              7 -> 10              -0.63113
              7 -> 11               0.05353
              8 -> 11              -0.05591
              8 -> 12              -0.15739
              8 -> 14              -0.25573

 Excited State     9   1    11.3313 
              6 -> 10               0.05594
              8 -> 13              -0.69817

 Excited State    10   1    11.4564 
              7 -> 10               0.25550
              7 -> 11               0.06271
              8 -> 11               0.05185
              8 -> 12              -0.59015
              8 -> 14              -0.26537
              9 -> 13               0.05556

