# eV       nm           cm^-1         oscillator strength
10.64392091 116.56429151 85849.01244984 0.00405448
10.80961503 114.77754730 87185.42561650 0.00691827
12.75673380 97.25852397 102889.99775158 0.03419905
13.00539150 95.39898125 104895.55738790 0.04197355
13.38863332 92.66824104 107986.61117214 0.06604388
13.57328192 91.40759820 109475.90255495 0.01523224
13.78224345 90.02170830 111161.29099919 0.05088070
13.89634918 89.28252188 112081.61577039 0.13110709
14.45357782 85.84041374 116575.96786218 0.24922467
14.72924630 84.23384841 118799.38411916 0.01556309
14.77422564 83.97740297 119162.16695056 0.17801287
15.02812151 82.55862844 121209.97528194 0.21187974
16.34057293 75.92763763 131795.60994469 0.07279439
16.55683547 74.93588386 133539.88499333 0.23043984
16.84646695 73.64755492 135875.92043440 0.25990369
16.97388857 73.09468865 136903.64508443 0.00951179
17.08859818 72.60403028 137828.84055533 0.00000465
17.55920443 70.65816137 141624.53591730 0.16476468
17.83099451 69.58114978 143816.67082032 0.09438391
18.57927787 66.77875795 149851.98316926 0.07513762
