# eV       nm           cm^-1         oscillator strength
5.28333926 234.83275244 42613.00525072 0.00067190
5.40485822 229.55294084 43593.12181354 0.19490411
6.34353779 195.58504112 51164.08318021 0.18288840
6.60878852 187.73502829 53303.47460618 0.00145657
6.99631204 177.33644426 56429.06259172 0.07619676
7.16212781 173.23079573 57766.45700125 0.00700080
7.17966719 172.80760614 57907.92162679 0.02442805
7.29571722 170.05882539 58843.92820967 0.00841054
7.33532262 169.14063152 59163.36733061 0.00416454
7.39953006 167.67295904 59681.23524725 0.00351772
7.49874528 165.45449329 60481.45996910 0.04244347
7.57736565 163.73778929 61115.57604513 0.29177358
7.64964578 162.19066037 61698.55459189 0.02286019
7.68585164 161.42662626 61990.57456913 0.00137044
7.79144502 159.23889562 62842.24261762 0.00226152
7.82652546 158.52514714 63125.18545651 0.00259515
7.87786386 157.49207178 63539.25756307 0.03975530
7.88613776 157.32683571 63605.99110402 0.01650644
7.91716887 156.71019779 63856.27389857 0.00035814
7.93240553 156.40918702 63979.16582351 0.00204859
