#================================================
# Generalized Energy Based Fragmentation Program
#================================================
Publications using GEBF module should cite 
[1] Li, W.; Dong, H.; Ma, J.; Li, S. Acc. Chem. Res. 2021, 54, 169-181.
[2] Li, S.; Li, W.; Ma, J. Acc. Chem. Res. 2014, 47, 2712-2720.
[3] Li, S.; Li, W.; Fang, T. J. Am. Chem. Soc. 2005, 127, 7215-7226.
[4] Li, S.; Li, W.; Jiang, Y.; Ma, J.; Fang, T.; Hua, W.; Hua, S.; Dong, H.; Zhao, D.; Liao, K.; Zou, W.; Ni, Z.; Wang, Y.; Shen, X.; Hong, B. LSQC Program, Version 2.5. Nanjing University, Nanjing 2022; https://itcc.nju.edu.cn/lsqc/
--------------------------------------------------
 Begin time: Mon Dec 11 15:47:33 2023
 Directory: lvziyi@lw07:/home/lvziyi/tuancu6ris (Linux)
 Python version: 3.9.13
 Read parameters from .keys file: tuancu6ris.keys
 Read geometry from .xyz file: tuancu6ris.xyz
Total 50 subsystems are successfully calculated! 
Total 10 subsystems are successfully calculated! 


 Sys  Coef  Atom  NBas  Ex. 1  (osc.)   Ex. 2  (osc.)   Ex. 3  (osc.)   Ex. 4  (osc.)   Ex. 5  (osc.)   Ex. 6  (osc.)   Ex. 7  (osc.)   Ex. 8  (osc.)   Ex. 9  (osc.)   Ex. 10  (osc.)   Ex. 11  (osc.)   Ex. 12  (osc.)   Ex. 13  (osc.)   Ex. 14  (osc.)   Ex. 15  (osc.)   Ex. 16  (osc.)   Ex. 17  (osc.)   Ex. 18  (osc.)   Ex. 19  (osc.)   Ex. 20  (osc.)   
-------------------------------------------------------------------------------------------------------------------------------------------------------------------------------------------------------------------------------------------------------------------------------------------------------------------------------------------------------------------
 1   1.0    21   258  5.231 (0.00038827)  5.496 (0.21925489)  6.517 (0.00214879)  6.612 (0.19575595)  7.015 (0.06300742)  7.338 (0.0169391)  7.58 (0.00182952)  7.771 (0.46167515)  8.059 (0.00466937)  8.4167 (0.0012)  8.6002 (0.0463)  8.6549 (0.0113)  8.8235 (0.1339)  9.0671 (0.0076)  9.1418 (0.0084)  9.1816 (0.0154)  9.1947 (0.1185)  9.3173 (0.0109)  9.3656 (0.0159)  9.4198 (0.0054)  
 2   1.0    21   258  5.184 (0.00047204)  5.566 (0.18551146)  6.48 (0.00526375)  6.623 (0.16012326)  7.065 (0.04314923)  7.301 (0.01771833)  7.61 (0.00525189)  7.804 (0.46070054)  8.315 (0.00525836)  8.3586 (0.0422)  8.4809 (0.0196)  8.8225 (0.1431)  8.9179 (0.0331)  9.0393 (0.0043)  9.1201 (0.0014)  9.2079 (0.0022)  9.2692 (0.0326)  9.3646 (0.0008)  9.4684 (0.0065)  9.6305 (0.0619)  
 3   1.0    21   258  5.224 (0.00036917)  5.517 (0.20415015)  6.461 (0.00060631)  6.699 (0.17256588)  6.991 (0.06889381)  7.379 (0.0090534)  7.496 (0.00296847)  7.866 (0.38912398)  8.144 (0.00418527)  8.4799 (0.0010)  8.6215 (0.0013)  8.7784 (0.1711)  8.8270 (0.0176)  9.0205 (0.0109)  9.0245 (0.0051)  9.1105 (0.0117)  9.1391 (0.0209)  9.1803 (0.0195)  9.2390 (0.0355)  9.3741 (0.0505)  
 4   1.0    21   258  5.212 (0.0006151)  5.528 (0.19481127)  6.51 (0.00118161)  6.685 (0.16424785)  7.059 (0.04212533)  7.346 (0.01196965)  7.574 (0.00224458)  7.9 (0.39834315)  8.29 (0.00180865)  8.4985 (0.0091)  8.7863 (0.1178)  8.8791 (0.0551)  9.0100 (0.0681)  9.0675 (0.0053)  9.1385 (0.1307)  9.2531 (0.0043)  9.3473 (0.0019)  9.3574 (0.0161)  9.5054 (0.0052)  9.5863 (0.0069)  
 6   1.0    21   258  5.177 (0.00048969)  5.564 (0.16478395)  6.482 (0.00038434)  6.725 (0.16672296)  6.966 (0.04939524)  7.307 (0.00947333)  7.525 (0.0020007)  7.82 (0.34562348)  8.431 (0.0014345)  8.8068 (0.1635)  8.8565 (0.0437)  8.9696 (0.0099)  9.0053 (0.0992)  9.0543 (0.0357)  9.0612 (0.0034)  9.2022 (0.0563)  9.2488 (0.0484)  9.3328 (0.0067)  9.3737 (0.0129)  9.5333 (0.0102)  
 7   1.0    21   258  5.176 (0.00047173)  5.566 (0.17891962)  6.521 (0.00129512)  6.609 (0.18482807)  7.063 (0.03454541)  7.283 (0.019892)  7.679 (0.00666687)  7.769 (0.43195071)  8.382 (0.00136451)  8.4429 (0.0044)  8.6480 (0.0599)  8.6947 (0.0358)  8.7838 (0.0156)  8.8194 (0.1487)  9.0435 (0.0049)  9.1847 (0.0054)  9.2631 (0.0410)  9.3792 (0.0106)  9.4829 (0.0381)  9.5784 (0.0020)  
 115   -2.0    12   168  5.183 (0.00044334)  5.562 (0.17475758)  6.468 (0.00054829)  6.709 (0.1620102)  7.034 (0.04366248)  7.342 (0.01127061)  7.547 (0.00166827)  7.887 (0.37781161)  8.459 (0.00111807)  8.8279 (0.1574)  9.0494 (0.0059)  9.2636 (0.0344)  9.5849 (0.0370)  9.7508 (0.0070)  9.8388 (0.0015)  9.9641 (0.0338)  10.0200 (0.0090)  10.1100 (0.0294)  10.2281 (0.0299)  10.3956 (0.0069)  
 58   -1.0    15   198  5.218 (0.00040869)  5.528 (0.20054418)  6.466 (0.00055596)  6.7 (0.16929519)  6.997 (0.06923436)  7.373 (0.00923282)  7.503 (0.00199867)  7.866 (0.39221629)  8.039 (0.00634586)  8.4838 (0.0011)  8.7879 (0.1667)  9.0316 (0.0058)  9.1848 (0.0123)  9.2316 (0.0332)  9.5536 (0.0376)  9.5722 (0.0213)  9.6201 (0.0015)  9.7468 (0.0298)  9.7817 (0.0164)  9.9244 (0.0177)  
 59   -1.0    15   198  5.202 (0.00057448)  5.527 (0.18770862)  6.481 (0.00074496)  6.705 (0.16661758)  7.036 (0.04330615)  7.349 (0.01105425)  7.539 (0.00216751)  7.9 (0.38652034)  8.404 (0.00104842)  8.6676 (0.0478)  8.8760 (0.1194)  9.0887 (0.0086)  9.2099 (0.1109)  9.4478 (0.0156)  9.5254 (0.0107)  9.5747 (0.0165)  9.7645 (0.0014)  9.8599 (0.0023)  9.9437 (0.0285)  9.9858 (0.0083)  
 60   -1.0    15   198  5.177 (0.00045402)  5.563 (0.17910476)  6.504 (0.00084345)  6.625 (0.18463428)  7.048 (0.03586174)  7.291 (0.01862012)  7.646 (0.00408695)  7.778 (0.43684117)  8.445 (0.00119457)  8.6453 (0.0082)  8.8097 (0.1622)  9.0421 (0.0039)  9.1259 (0.0125)  9.2618 (0.0445)  9.4080 (0.0158)  9.4603 (0.0010)  9.5993 (0.0085)  9.7834 (0.0090)  9.8654 (0.0756)  9.9122 (0.0050)  
-------------------------------------------------------------------------------------------------------------------------------------------------------------------------------------------------------------------------------------------------------------------------------------------------------------------------------------------------------------------


Now starts states clustering.
2 22 42 62 82 102 122 142 162 182 0.0152
1 21 41 61 81 101 121 141 161 181 0.0191
4 24 44 64 84 104 124 144 164 184 0.0424
5 25 45 65 85 105 125 145 165 185 0.0522
8 28 48 68 88 108 128 148 168 188 0.0570
3 23 43 63 83 103 123 143 163 183 0.0610
6 26 46 66 86 106 126 146 166 186 0.1921
7 27 47 67 87 107 127 147 167 187 0.2545
19 37 59 78 97 117 132 154 174 194 0.2962
10 29 50 69 89 109 129 150 169 189 0.3847
13 32 52 71 90 114 130 151 171 191 0.3292
20 40 58 76 96 118 136 158 179 199 0.5653
18 39 54 79 94 119 133 155 176 197 0.7800
Find 13 local excited states in total.
========================================================================================================================================================================================================
Generated by tot.py

1-1 2-1 3-1 4-1 6-1 7-1 115-1 58-1 59-1 60-1 0.0191
1-2 2-2 3-2 4-2 6-2 7-2 115-2 58-2 59-2 60-2 0.0152
1-4 2-4 3-4 4-4 6-4 7-4 115-4 58-4 59-4 60-4 0.0424
1-3 2-3 3-3 4-3 6-3 7-3 115-3 58-3 59-3 60-3 0.0610
1-5 2-5 3-5 4-5 6-5 7-5 115-5 58-5 59-5 60-5 0.0522
1-6 2-6 3-6 4-6 6-6 7-6 115-6 58-6 59-6 60-6 0.1921
1-8 2-8 3-8 4-8 6-8 7-8 115-8 58-8 59-8 60-8 0.0570
1-7 2-7 3-7 4-7 6-7 7-7 115-7 58-7 59-7 60-7 0.2545
1-19 2-17 3-19 4-18 6-17 7-17 115-12 58-14 59-14 60-14 0.2962

 Sys   Coef    Local Ex. 1 (osc)   Local Ex. 2 (osc)   Local Ex. 3 (osc)   Local Ex. 4 (osc)   Local Ex. 5 (osc)   Local Ex. 6 (osc)   Local Ex. 7 (osc)   Local Ex. 8 (osc)   Local Ex. 9 (osc) 
========================================================================================================================================================================================================
  1    1.0     5.2310 (0.0004)     5.4960 (0.2193)     6.6120 (0.1958)     6.5170 (0.0021)     7.0150 (0.0630)     7.3380 (0.0169)     7.7710 (0.4617)     7.5800 (0.0018)     9.3656 (0.0159)   
  2    1.0     5.1840 (0.0005)     5.5660 (0.1855)     6.6230 (0.1601)     6.4800 (0.0053)     7.0650 (0.0431)     7.3010 (0.0177)     7.8040 (0.4607)     7.6100 (0.0053)     9.2692 (0.0326)   
  3    1.0     5.2240 (0.0004)     5.5170 (0.2042)     6.6990 (0.1726)     6.4610 (0.0006)     6.9910 (0.0689)     7.3790 (0.0091)     7.8660 (0.3891)     7.4960 (0.0030)     9.2390 (0.0355)   
  4    1.0     5.2120 (0.0006)     5.5280 (0.1948)     6.6850 (0.1642)     6.5100 (0.0012)     7.0590 (0.0421)     7.3460 (0.0120)     7.9000 (0.3983)     7.5740 (0.0022)     9.3574 (0.0161)   
  6    1.0     5.1770 (0.0005)     5.5640 (0.1648)     6.7250 (0.1667)     6.4820 (0.0004)     6.9660 (0.0494)     7.3070 (0.0095)     7.8200 (0.3456)     7.5250 (0.0020)     9.2488 (0.0484)   
  7    1.0     5.1760 (0.0005)     5.5660 (0.1789)     6.6090 (0.1848)     6.5210 (0.0013)     7.0630 (0.0345)     7.2830 (0.0199)     7.7690 (0.4320)     7.6790 (0.0067)     9.2631 (0.0410)   
 115   -2.0    5.1830 (0.0004)     5.5620 (0.1748)     6.7090 (0.1620)     6.4680 (0.0005)     7.0340 (0.0437)     7.3420 (0.0113)     7.8870 (0.3778)     7.5470 (0.0017)     9.2636 (0.0344)   
 58    -1.0    5.2180 (0.0004)     5.5280 (0.2005)     6.7000 (0.1693)     6.4660 (0.0006)     6.9970 (0.0692)     7.3730 (0.0092)     7.8660 (0.3922)     7.5030 (0.0020)     9.2316 (0.0332)   
 59    -1.0    5.2020 (0.0006)     5.5270 (0.1877)     6.7050 (0.1666)     6.4810 (0.0007)     7.0360 (0.0433)     7.3490 (0.0111)     7.9000 (0.3865)     7.5390 (0.0022)     9.4478 (0.0156)   
 60    -1.0    5.1770 (0.0005)     5.5630 (0.1791)     6.6250 (0.1846)     6.5040 (0.0008)     7.0480 (0.0359)     7.2910 (0.0186)     7.7780 (0.4368)     7.6460 (0.0041)     9.2618 (0.0445)   
========================================================================================================================================================================================================
 Tot    --     5.2410 (0.0004)     5.4950 (0.2193)     6.5050 (0.1958)     6.5840 (0.0021)     7.0100 (0.0630)     7.2570 (0.0169)     7.6120 (0.4617)     7.6820 (0.0018)     9.2747 (0.0159)   

Note: r represent the similarity among excited states in different subsystems. States with small r is more reliable.

Local Excited State 1:  5.2410 eV  236.56 nm  f=0.0004  || r=0.02

Local Excited State 2:  5.4950 eV  225.62 nm  f=0.2193  || r=0.02

Local Excited State 3:  6.5050 eV  190.59 nm  f=0.1958  || r=0.04

Local Excited State 4:  6.5840 eV  188.30 nm  f=0.0021  || r=0.06

Local Excited State 5:  7.0100 eV  176.86 nm  f=0.0630  || r=0.05

Local Excited State 6:  7.2570 eV  170.84 nm  f=0.0169  || r=0.19

Local Excited State 7:  7.6120 eV  162.87 nm  f=0.4617  || r=0.06

Local Excited State 8:  7.6820 eV  161.39 nm  f=0.0018  || r=0.25
Maybe this state is not reliable. You may modify your fragmentation to get a more reliable result for this state.

Local Excited State 9:  9.2747 eV  133.68 nm  f=0.0159  || r=0.30
Maybe this state is not reliable. You may modify your fragmentation to get a more reliable result for this state.


========================================================================================================================================================================================================
#summary
 --------------------------------------
 subsystem   number atoms   basis funcs
    1              21            258
    2              21            258
    3              21            258
    4              21            258
    5              12            120
    6              21            258
    7              21            258
    8              12            120
    9              12            120
   10              12            120
   11              12            120
   12              12            120
   13              12            120
   14              12            120
   15              12            120
   16              12            120
   17              12            120
   18              12            120
   19              12            120
   20              12            120
   21              12            120
   22              12            120
   23              12            120
   24              12            120
   25              12            120
   26              12            120
   27              12            120
   28              12            120
   29              12            120
   30              12            120
   31              12            120
   32              12            120
   33              12            120
   34              12            120
   35              12            120
   36              12            120
   37              12            120
   38              12            120
   39              12            120
   40              12            120
   41              12            120
   42              12            120
   43              12            120
   44              12            120
   45              12            120
   46              12            120
   47              12            120
   48              12            120
   49               9             90
   50              12            120
   51               9             90
   52               9             90
   53               9             90
   54               9             90
   55               9             90
   56               9             90
   57               9             90
   58              15            198
   59              15            198
   60              15            198
   61               6             60
   62               6             60
   63               6             60
   64               6             60
   65               6             60
   66               6             60
   67               6             60
   68               6             60
   69               6             60
   70               6             60
   71               6             60
   72               6             60
   73               6             60
   74               6             60
   75               6             60
   76               6             60
   77               6             60
   78               6             60
   79               6             60
   80               6             60
   81               6             60
   82               6             60
   83               6             60
   84               6             60
   85               6             60
   86               6             60
   87               6             60
   88               6             60
   89               6             60
   90               6             60
   91               6             60
   92               6             60
   93               6             60
   94               6             60
   95               6             60
   96               6             60
   97               6             60
   98               6             60
   99               6             60
  100               6             60
  101               6             60
  102               6             60
  103               6             60
  104               6             60
  105               6             60
  106               6             60
  107               6             60
  108               6             60
  109               6             60
  110               6             60
  111               6             60
  112               6             60
  113               6             60
  114               6             60
  115              12            168
  116               3             30
  117               3             30
  118               3             30
  119               3             30
  120               3             30
  121               3             30
  122               3             30
  123               3             30
  124               3             30
  125               3             30
  126               3             30
  127               3             30
  128               3             30
  129               3             30
  130               3             30
  131               3             30
 --------------------------------------
 total            162           1668
 --------------------------------------
The largest subsystem is No.1 with 258 basis functions.
 GEBF(3,4)-WB97XD/6-311g(d,p) energy:
 WB97XD =    -4237.062852 
Total Excited State Energy: 
 TD-WB97XD = -4236.870249 
 Dipole Moment (field-independent basis, Debye):
    X=    -20.3658    Y=     14.0641    Z=     -1.9996  Tot=     24.8307
 End time: Mon Dec 11 15:51:51 2023
 Real time: 0:04:17.930067
