# eV       nm           cm^-1         oscillator strength
7.09412397 174.89137559 57217.96903438 0.00127597
8.78651826 141.20508974 70868.04966857 0.04668066
9.07717523 136.68361231 73212.35621277 0.00527559
9.84037839 126.08266170 79368.00491001 0.02061783
10.04553111 123.50776544 81022.67317067 0.05505206
10.47428818 118.45206841 84480.83218467 0.13646426
10.76496748 115.25358554 86825.31884609 0.00542678
11.56597650 107.27162550 93285.89238765 0.06612541
11.64138916 106.57672232 93894.13650115 0.02204220
11.80609506 105.08987887 95222.57919083 0.13632006
12.21977315 101.53225305 98559.11803719 0.11640782
12.68475007 97.81044900 102309.40983282 0.01085925
13.08052993 94.85098130 105501.58970960 0.20055775
13.41739395 92.46960357 108218.58130697 0.05667698
13.97903471 88.75441875 112748.51949719 0.00204898
14.07508188 88.14876605 113523.19222217 0.07630605
14.40233678 86.14581915 116162.68103810 0.05316058
14.45183779 85.85074907 116561.93360162 0.32046584
15.20014695 81.62428327 122597.45399470 0.13012647
15.31498697 81.01222043 123523.70123846 0.14190461
